[General]
curveType=Cubic
exp_a=0.456375
exp_b=-0.011537
exp_c=0.000374
exp_d=0.049049
cubic_a=0.004172
cubic_b=0.024304
cubic_c=-0.089222
cubic_d=0.259458
thresh_LowHue=21
thresh_HighHue=178
thresh_LowSaturation=0
thresh_HighSaturation=255
thresh_LowValue=53
thresh_HighValue=255
ratioForComputingO2=0.3
ratioForROI=0.08
stripSize=95049
