[General]
curveType=Fourier2
exp_a=0.456375
exp_b=-0.011537
exp_c=0.000373616
exp_d=0.0490488
cubic_a=1.61635e-7
cubic_b=1.42254e-6
cubic_c=-0.00430098
cubic_d=0.450957
poly4_p1=-7.76356e-9
poly4_p2=1.71435e-6
poly4_p3=-9.68697e-5
poly4_p4=-0.00223531
poly4_p5=-0.00223531
gauss2_a1=0.164788
gauss2_b1=102.683
gauss2_c1=59.1086
gauss2_a2=0.455984
gauss2_b2=-14.6278
gauss2_c2=66.9873
fou2_a0=0.289087
fou2_a1=0.131002
fou2_b1=-0.0305262
fou2_a2=0.0222749
fou2_b2=-0.0249218
fou2_w=0.0275605
thresh_LowHue=32
thresh_HighHue=178
thresh_LowSaturation=0
thresh_HighSaturation=255
thresh_LowValue=53
thresh_HighValue=255
ratioForComputingO2=0.4
ratioForROI=0.08
stripSize=95049
exp2_a=0.456375
exp2_b=-0.011537
exp2_c=0.000374
exp2_d=0.049049
